Ticker,Extraction_Date,About_&_Key_Points,Top_Level_Metrics,Pros_and_Cons_Summary,Quarterly_Results,Profit_Loss,Balance_Sheet,Cash_Flow,Detailed_Ratios,Four_CAGR_Boxes,Peers,Shareholding_Pattern
AJAXENGG,2026-08-04,"About
Incorporated in July 1992, Ajax Engineering Limited manufactures a wide range of concrete equipment and services across the value chain.
[1]
Key Points
Leading Concrete Equipment Manufacturer
[1]
Ajax Engineering is India’s leading concrete equipment manufacturer. It operates across the entire concrete application value chain
production, transportation, placement, paving and advanced solutions
like 3D concrete printing. It is the second-largest concrete equipment manufacturer in India by volume and has sold 32.9k+ units over the last 10 years.
Read More","Market Cap: ₹ Cr.
Current Price: ₹
High / Low: ₹ /
Book Value: ₹
Dividend Yield: %
ROCE: %
ROE: %
Face Value: ₹","PROS:


CONS:","Sales +
Expenses +
Operating Profit
OPM %
Other Income +
Interest
Depreciation
Profit before tax
Tax %
Net Profit +
EPS in Rs
Raw PDF","Sales +
Expenses +
Operating Profit
OPM %
Other Income +
Interest
Depreciation
Profit before tax
Tax %
Net Profit +
EPS in Rs
Dividend Payout %","Equity Capital
Reserves
Borrowings +
Other Liabilities +
Total Liabilities
Fixed Assets +
CWIP
Investments
Other Assets +
Total Assets","Cash from Operating Activity +
Cash from Investing Activity +
Cash from Financing Activity +
Net Cash Flow
Free Cash Flow
CFO/OP","Debtor Days
Inventory Days
Days Payable
Cash Conversion Cycle
Working Capital Days
ROCE %","[Compounded Sales Growth]
10 Years:,%
5 Years:,%
3 Years:,%
TTM:,%

[Compounded Profit Growth]
10 Years:,%
5 Years:,%
3 Years:,%
TTM:,%

[Stock Price CAGR]
10 Years:,%
5 Years:,%
3 Years:,%
1 Year:,%

[Return on Equity]
10 Years:,%
5 Years:,%
3 Years:,%
Last Year:,%",N/A,"Unnamed: 0,Mar 2025,Jun 2025,Sep 2025,Dec 2025,Mar 2026,Jun 2026
Promoters +,80.00%,80.00%,80.00%,80.00%,80.00%,80.00%
FIIs +,5.95%,6.47%,6.51%,6.15%,5.65%,4.67%
DIIs +,7.92%,8.94%,9.42%,9.71%,10.15%,11.17%
Public +,6.14%,4.58%,4.08%,4.14%,4.20%,4.17%
No. of Shareholders,152056,94515,77176,72724,72001,69540"
